4.4.4.4 5
40
3
0 0
1 0
2 0
3 2 11 4
4 3 12 3 5
5 3 13 4 6
6 3 14 5 7
7 2 15 6
8 2 16 9
9 3 17 8 10
10 3 18 9 11
11 4 3 19 10 12
12 4 4 20 11 13
13 4 5 21 12 14
14 4 6 22 13 15
15 3 7 23 14
16 3 8 24 17
17 4 9 25 16 18
18 4 10 26 17 19
19 4 11 27 18 20
20 4 12 28 19 21
21 4 13 29 20 22
22 4 14 30 21 23
23 3 15 31 22
24 3 16 32 25
25 4 17 33 24 26
26 4 18 34 25 27
27 4 19 35 26 28
28 4 20 36 27 29
29 4 21 37 28 30
30 4 22 38 29 31
31 3 23 39 30
32 2 24 33
33 3 25 32 34
34 3 26 33 35
35 3 27 34 36
36 3 28 35 37
37 3 29 36 38
38 3 30 37 39
39 2 31 38
